
door close
17 de agosto
4D 43 47 50 00 39 A9 30 00 08 16 0A 2B 2D 04 10 17 00 40 00 22 B3 00 80 BA 73 D6 8E B7 30 00 00 00 00 00 00 00 00 46 C5 00 04 02 0A 11 FD FC F7 E9 AE BD FE AA 3C 00 00 00 00 00 00 E6 19 19 06 17 12 08 E5 07 39


----


door open 
18 de agosto
4D 43 47 50 00 39 A9 30 00 08 16 0A 2B 2D 04 10 17 00 45 00 22 B3 00 80 BA 73 D6 8E B7 30 00 00 00 00 00 00 00 00 46 C5 00 04 02 0A 11 FD FC F7 E9 AE BD FE AA 3C 00 00 00 00 00 00 E6 17 19 06 14 19 08 E5 07 39

--------
door open 
19 de agosto
4D 43 47 50 00 1D A9 30 00 08 16 0A 2B 2D 04 10 17 00 40 00 22 B3 00 80 BA 73 D6 8E B7 30 00 00 00 00 00 00 00 00 46 C5 00 04 02 0A 11 FD FC F7 E9 AE BD FE AA 3C 00 00 00 00 00 00 E6 17 17 06 14 12 08 E5 07 39

ignition off
17 DE AGOSTO
4D 43 47 50 00 1D A9 30 00 08 16 0A 2B 2D 04 10 17 00 2D 00 22 B3 00 80 BA 73 D6 8E B7 30 00 00 00 00 00 00 00 00 46 C5 00 04 02 0A 11 FD FC F7 E9 AE BD FE AA 3C 00 00 00 00 00 00 E6 17 17 06 14 19 08 E5 07 39

trailer conected

4D 43 47 50 00 1D A9 30 00 38 16 E8 2B 2C 04 10 17 01 C7 00 23 B3 00 00 BA 74 F6 97 B7 1E 00 00 9A 92 55 19 00 00 00 00 00 00 00 00 7F FC FC F7 C3 AE BD FE 50 41 00 00 00 00 00 00 00 00 12 3B 16 16 08 E5 07 15


PANCHO1 VEHICULO
4D 43 47 50 0B 39 A9 30 00 08 16 1D 0061000000000008060000012C162B000613000004020D69D0FFF71A39BBFE604A00002D130507070001042115040515460E0002018000000000000000000000004C200046C3C6FFF7802EBBFE40470000012320150405150000011E1ED6FF0E00A3010E31


4D 43 47 50 00 39 A9 30 00 08 16 0A 2B 2D 04 10 17 00 45 00 22 B3 00 80 BA 73 D6 8E B7 30 00 00 00 00 00 00 00 00 46 C5 00 04 02 0A 11 FD FC F7 E9 AE BD FE AA 3C 00 00 00 00 00 00 E6 17 17 06 14 19 08 E5 07 39


-SIDE RIGHT-

4D 43 47 50 0B 39 A9 30 00 08 16 02 00 61 00 00 00 00 00 08 06 00 00 01 2C 16 2B 00 06 13 00 00 04 02 0C 2E C6 FB F7 1C 74 BE FE F0 32 00 00 00 BF 01 07 07 00 01 23 3A 0F 17 08 15 46 0E 00 02 05 80 00 00 00 00 00 00 00 00 00 00 00 4C 20 00 01 19 C6 FB F7 28 74 BE FE 2C 33 00 00 01 05 3A 0F 12 03 15 00 00 05 1E 1E 20 00 7C FF 74 01 01 8E

4D 43 47 50 0B 39 A9 30 00 08 16 E6 00 61 00 00 00 00 00 08 06 00 00 01 2C 16 2B 00 06 13 00 00 04 02 0D 3A DD FF F7 10 CD BA FE BA 31 00 00 0F 06 00 07 07 00 01 28 1D 15 04 05 15 46 0E 00 02 01 80 00 00 00 00 00 00 00 00 00 00 00 4C 20 00 42 FD DC FF F7 56 C4 BA FE EE 2F 00 00 01 0A 1D 15 04 05 15 00 00 04 1E 1E FE FF 0C 00 70 01 06 B4

----
4D 43 47 50 00 1D A9 30 00 08 16752B2C041017002E0023B30000BA74F697B71C00001234000000005CF50004020AEEFCFCF791AEBDFE673D000000000000950C151C151E07E507B7

4D 43 47 50 0B 1D A9 30 00 08 16 02 00 61 00 00 00 00 00 08 06 00 00 01 2C 16 2B 00 06 13 00 00 04 02 0C 2E C6 FB F7 1C 74 BE FE F0 32 00 00 00 BF 01 07 07 00 01 23 3A 0F 17 08 15 46 0E 00 02 05 80 00 00 00 00 00 00 00 00 00 00 00 4C 20 00 01 19 C6 FB F7 28 74 BE FE 2C 33 00 00 01 05 3A 0F 12 03 15 00 00 05 1E 1E 20 00 7C FF 74 01 01 8E

-CALIBRATION STARTED
18/02
4D 43 47 50 0B 39 A9 30 00 08 16 1D 00 71 00 00 00 00 00 08 06 00 00 01 2C 16 2B 00 06 13 00 00 40 01 00 6B C5 FB F7 45 73 BE FE A8 2A 00 00 01 00 00 07 07 00 01 3B 3A 13 1C 08 15 46 0E 00 05 04 80 00 00 00 00 00 00 00 00 00 00 00 4B 30 00 02 6B C5 FB F7 45 73 BE FE 00 00 00 00 00 00 00 00 00 3A 25 16 12 02 15 00 00 00 00 00 00 00 03 00 7E 00 9B 00 00 00 00 00 00 00 00 00 00 00 00 54
19/03
4D 43 47 50 0B 39 A9 30 00 08 16 1D 00 71 00 00 00 00 00 08 06 00 00 01 2C 16 2B 00 06 13 00 00 40 01 00 6B C5 FB F7 45 73 BE FE A8 2A 00 00 01 00 00 07 07 00 01 3B 29 18 1E 08 15 46 0E 00 05 02 80 00 00 00 00 00 00 00 00 00 00 00 4B 30 00 02 6B C5 FB F7 45 73 BE FE 00 00 00 00 00 00 00 00 00 3A 25 16 12 02 15 00 00 00 00 00 00 00 03 00 7E 00 9B 00 00 00 00 00 00 00 00 00 00 00 00 54


------------door open
4D 43 47 50 00 39 A9 30 00 08 16 0A 2B 2D 04 10 17 00 40 00 22 B3 00 80 BA 73 D6 8E B7 30 00 00 00 00 00 00 00 00 46 C5 00 04 02 0A 11 FD FC F7 E9 AE BD FE AA 3C 00 00 00 00 00 00 E6 17 17 06 14 12 08 E5 07 39


--trama kely

4D 43 47 50 0B 39 A9 30 00 08 16 71 00 71 00 00 00 00 00 08 06 00 00 01 2C 16 2B 00 06 13 00 00 04 02 0E B8 3D 02 F8 A1 87 B8 FE 06 2C 00 00 18 C4 14 07 07 00 01 02 31 15 1E 08 16 56 0E 00 07 00 80 00 00 00 00 00 00 00 00 00 00 00 4B 30 00 01 C9 3E 02 F8 E7 86 B8 FE 00 00 00 00 00 00 00 00 01 00 31 15 03 05 15 01 00 00 00 00 00 00 09 00 5A FF AB FF 19 00 00 00 00 04 00 00 00 00 00 4A

4D 43 47 50 0B 51 A9 30 00 08 16 71 00 71 00 00 00 00 00 08 06 00 00 01 2C 16 2B 00 06 13 00 00 04 02 0E B8 3D 02 F8 A1 87 B8 FE 06 2C 00 00 18 C4 14 07 07 00 01 02 31 15 1E 08 16 46 0E 00 07 00 80 00 00 00 00 00 00 00 00 00 00 00 4B 30 00 01 C9 3E 02 F8 E7 86 B8 FE 00 00 00 00 00 00 00 00 01 00 31 15 03 05 15 01 00 00 00 00 00 00 09 00 5A FF AB FF 19 00 00 00 00 04 00 00 00 00 00 4A

-bit 54 al 59 CR300-
54 SEGUNDOS / 59 AÑOS


4D 43 47 50 0B 51 A9 30 00 08 16 71 00 71 00 00 00 00 00 08 06 00 00 01 2C 16 2B 00 06 13 00 00 04 02 0E B8 3D 02 F8 A1 87 B8 FE 06 2C 00 00 18 C4 14 07 07 00 01 02 31 15 03 05 15 46 0E 00 07 00 80 00 00 00 00 00 00 00 00 00 00 00 4B 30 00 01 C9 3E 02 F8 E7 86 B8 FE 00 00 00 00 00 00 00 00 01 00 31 15 05 05 15 01 00 00 00 00 00 00 09 00 5A FF AB FF 19 00 00 00 00 04 00 00 00 00 00 4A


4D 43 47 50 0B 51 A9 30 00 08 16 71 00 71 00 00 00 00 00 08 06 00 00 01 2C 16 2B 00 06 13 00 00 04 02 0E B8 3D 02 F8 A1 87 B8 FE 06 2C 00 00 18 C4 14 07 07 00 01 02 31 15 03 05 15 46 0E 00 07 00 80 00 00 00 00 00 00 00 00 00 00 00 4B 30 00 01 C9 3E 02 F8 E7 86 B8 FE 00 00 00 00 00 00 00 00 01 00 31 15 05 05 15 01 00 00 00 00 00 00 09 00 5A FF AB FF 19 00 00 00 00 04 00 00 00 00 00 4A

--------------------------
4D 43 47 50 0B 51 A9 30 00 08 16 7D 00 71 00 00 00 00 00 08 06 00 00 01 2C 16 2B 00 06 13 00 00 04 02 12 0D 2A 02 F8 46 95 B8 FE 6C 2A 00 00 19 61 14 07 07 00 01 02 32 17 1E 08 15 46 0E 00 08 02 80 00 00 00 00 00 00 00 00 00 00 00 4B 30 00 03 21 2B 02 F8 A3 94 B8 FE 00 00 00 00 00 00 00 00 01 00 32 15 03 05 15 01 00 00 00 00 00 00 08 00 9F 00 81 FF 18 00 00 00 00 9B 00 00 00 00 00 17


4D 43 47 50 0B 51 A9 30 00 08 16 77 00 71 00 00 00 00 00 08 06 00 00 01 2C 16 2B 00 06 13 00 00 04 02 10 01 36 02 F8 B8 8C B8 FE 98 2B 00 00 1C E1 14 07 07 00 01 17 31 19 1E 08 15 46 0E 00 08 00 80 00 00 00 00 00 00 00 00 00 00 00 4B 30 00 02 27 37 02 F8 E7 8B B8 FE 00 00 00 00 00 00 00 00 01 15 31 15 03 05 15 01 00 00 00 00 00 00 09 00 5C 00 76 00 1B 00 00 00 00 1D 00 00 00 00 00 D4

//////

4D 43 47 50 0B 51 A9 30 00 08 16 77 00 71 00 00 00 00 00 08 06 00 00 01 2C 16 2B 00 06 13 00 00 04 02 10 01 36 02 F8 B8 8C B8 FE 98 2B 00 00 1C E1 14 07 07 00 01 17 33 15 1E 08 15 46 0E 00 08 00 80 00 00 00 00 00 00 00 00 00 00 00 4B 30 00 02 27 37 02 F8 E7 8B B8 FE 00 00 00 00 00 00 00 00 01 15 31 15 03 05 15 01 00 00 00 00 00 00 09 00 5C 00 76 00 1B 00 00 00 00 1D 00 00 00 00 00 D4




vca2020/ bad installation

4D 43 47 50 0B 39 A9 30 00 08 16 1D 00 71 00 00 00 00 00 08 06 00 00 01 2C 16 2B 00 06 13 00 00 40 01 00 6B C5 FB F7 45 73 BE FE A8 2A 00 00 01 00 00 07 07 00 01 (SEGUNDO)3B (MINUTO) 29 (HORA)16 (DÍA)1E (MES)08 15 46 0E 00 05 02 80 00 00 00 00 00 00 00 00 00 00 00 4B 30 00 02 6B C5 FB F7 45 73 BE FE 00 00 00 00 00 00 00 00 00 3A 25 16 12 02 15 00 00 00 00 00 00 00 03 00 7E 00 9B 00 00 00 00 00 00 00 00 00 00 00 00 54


4D 43 47 50 0B 51 A9 30 00 08 16 80 00 71 00 00 00 00 00 08 06 00 00 01 2C 16 2B 00 06 13 00 00 04 02 11 8B 41 FE F7 7C 65 C2 FE 76 C5 00 00 13 37 02 07 07 00 01 38 0C 24 1E 08 15 46 0E 00 06 00 80 00 00 00 00 00 00 00 00 00 00 00 4B 30 00 00 42 41 FE F7 13 65 C2 FE 00 00 00 00 00 00 00 00 01 36 0B 01 04 05 15 01 00 00 00 00 00 00 0B 00 56 00 E4 FF 12 00 00 00 00 06 00 00 00 00 00 0D


4D 43 47 50 00 2C A9 30 00 08 16 08 2B 2C 04 10 17 15 0F 01 03 73 00 00 BA 05 E8 93 B7 00 00 00 00 00 00 00 00 00 5B E4 00 04 02 0A B7 BF FB F7 AD 01 BE FE 8E 2B 00 00 00 00 00 00 E7 15 0D 1B 15 1E 08 15 07 59

4D 43 47 50 00 2C A9 30 00 08 16 08 2B 2C 04 10 17 15 0F 01 03 73 00 00 BA 05 E8 93 B7 00 00 00 00 00 00 00 00 00 5B E4 00 04 02 0A B7 BF FB F7 AD 01 BE FE 8E 2B 00 00 00 00 00 00 E7 15 0D 1B 11 1E 0A E4 07 59

62 A 67


7/11/20 - 18:19
4D 43 47 50 00 2C A9 30 00 08 16 19 2B 2C 04 10 17 22 0F 01 03 73 00 80 BA D7 D6 A7 B7 00 00 00 00 00 00 00 00 00 93 3C 00 04 02 0C BD 0D FB F7 50 D6 C1 FE C6 25 00 00 06 00 00 00 69 14 32 13 12 07 0B E5 07 EF



4D 43 47 50 0B 39 A9 30 00 08 16 1D 00 61 00 00 00 00 00 08 06 00 00 01 2C 16 2B 00 06 13 00 00 04 02 0D 69 D0 FF F7 1A 39 BB FE 60 4A 00 00 2D 13 05 07 07 00 01 04 26 15 1E 08 15 46 0E 00 02 01 80 00 00 00 00 00 00 00 00 00 00 00 4C 20 00 46 C3 C6 FF F7 80 2E BB FE 40 47 00 00 01 23 20 15 04 05 15 00 00 01 1E 1E D6 FF 0E 00 A3 01 0E 31


TRAMAS HANS
1------
4D 43 47 50 0B C0 62 24 00 C8 15 B9 00 EE 00 00 00 00 00 08 06 00 00 01 26 15 09 00 06 13 00 03 04 02 11 50 A5 FD F7 41 6C 67 00 B4 14 00 00 0D 1D 14 07 07 00 01 1A 3A 10 11 07 14 19 05 00 1E 00 01 00 00 02 B6 00 1E 00 A6 55 5D D9 19 00 80 84 68 48 EA 49 2A 80 84 00 C0 EE 43 2B 80 84 9A 19 91 42 05 80 84 00 20 57 41 07 80 84 00 00 AC 42 03 80 84 00 E8 16 44 01 80 84 CD CC 0C 42 22 80 84 9A 99 71 42 20 80 84 00 00 00 00 31 80 84 00 00 00 00 0A 80 84 00 00 00 00 16 80 84 00 00 00 00 0C 80 84 00 00 00 00 29 80 84 00 00 00 00 34 80 84 00 00 E0 40 24 80 84 00 00 C8 42 18 80 84 00 00 C8 42 28 80 84 00 00 1C 43 25 80 84 00 00 44 42 0B 80 84 00 00 00 00 26 80 84 00 00 00 00 27 80 84 00 00 6C 42 37 80 84 00 00 00 00 30 80 84 00 20 96 42 06 80 84 73 C6 BA 43 71
2*------
4D 43 47 50 0B C0 62 24 00 C8 15 B9 00 EE 00 00 00 00 00 08 06 00 00 01 26 15 09 00 06 13 00 03 04 02 11 50 A5 FD F7 41 6C 67 00 B4 14 00 00 0D 1D 14 07 07 00 01 1A 3A 10 11 07 14 19 05 00 1E 00 02 00 00 02 B6 00 1E 00 A6 55 5D D9 19 00 80 84 68 48 EA 49 2A 80 84 00 C0 EE 43 2B 80 84 9A 19 91 42 05 80 84 00 20 57 41 07 80 84 00 00 AC 42 03 80 84 00 E8 16 44 01 80 84 CD CC 0C 42 22 80 84 9A 99 71 42 20 80 84 00 00 00 00 31 80 84 00 00 00 00 0A 80 84 00 00 00 00 16 80 84 00 00 00 00 0C 80 84 00 00 00 00 29 80 84 00 00 00 00 34 80 84 00 00 E0 40 24 80 84 00 00 C8 42 18 80 84 00 00 C8 42 28 80 84 00 00 1C 43 25 80 84 00 00 44 42 0B 80 84 00 00 00 00 26 80 84 00 00 00 00 27 80 84 00 00 6C 42 37 80 84 00 00 00 00 30 80 84 00 20 96 42 06 80 84 73 C6 BA 43 71